timestamp,cpu_time,time (s),T(t) (K),P(t) (Pa),Kinetic En. (n.u.),Potential En. (n.u.),Total En. (n.u.)
1651232164, 7117.0000, 1.8600e-13, 1491.71232453, 87162156.96356347, 0.00000000, 56.27148894, 56.27148894 
1651232165, 6825.0000, 5.3400e-13, 1492.49190137, 122554276.67489465, 0.00000000, 458.83026667, 458.83026667 
1651232166, 6556.0000, 8.7600e-13, 1493.46090480, 0.00000000, 0.00000000, 88220.63692460, 88220.63692460 
1651232167, 6720.0000, 1.2240e-12, 1492.58230691, 0.00000000, 0.00000000, 400.70817275, 400.70817275 
1651232168, 7192.0000, 1.5660e-12, 1494.22258655, 51908102.83363189, 0.00000000, 1878.00173215, 1878.00173215 
1651232169, 6864.0000, 1.9100e-12, 1489.32652181, 74985937.09355299, 0.00000000, 461.29573736, 461.29573736 
1651232170, 6659.0000, 2.2460e-12, 1484.38420164, 0.00000000, 0.00000000, 1006.56921647, 1006.56921647 
1651232171, 6462.0000, 2.5740e-12, 1492.47223059, 0.00000000, 0.00000000, 2643.57703398, 2643.57703398 
1651232172, 6828.0000, 2.9180e-12, 1496.51859309, 0.00000000, 0.00000000, 492.42082897, 492.42082897 
1651232173, 7031.0000, 3.2600e-12, 1497.72033953, 88706424.36765221, 0.00000000, 162.34150326, 162.34150326 
1651232174, 6885.0000, 3.5600e-12, 1496.92244514, 0.00000000, 0.00000000, 238.50993355, 238.50993355 
1651232175, 7120.0000, 3.8600e-12, 1483.93822548, 0.00000000, 0.00000000, 3124.60366071, 3124.60366071 
1651232176, 6769.0000, 4.1880e-12, 1497.35938280, 185981456.96637991, 0.00000000, 4624.85658224, 4624.85658224 
1651232177, 6052.0000, 4.5260e-12, 1496.02390470, 67318521.38133176, 0.00000000, 20331.03492232, 20331.03492232 
1651232178, 6597.0000, 4.8580e-12, 1491.95413309, 0.00000000, 0.00000000, 5792.26110386, 5792.26110386 
1651232179, 6461.0000, 5.2060e-12, 1495.96392510, 0.00000000, 0.00000000, 1939335967965087.50000000, 1939335967965087.50000000 
1651232180, 8484.0000, 5.4820e-12, 1496.84513847, 21735198.31448491, 0.00000000, 5287.46740057, 5287.46740057 
1651232181, 7246.0000, 5.7860e-12, 1498.59475406, 0.00000000, 0.00000000, 3563553.78126865, 3563553.78126865 
1651232182, 6388.0000, 6.1200e-12, 1495.13670512, 0.00000000, 0.00000000, 15594.16250605, 15594.16250605 
1651232183, 7377.0000, 6.4540e-12, 1499.07283439, 91341319.05659175, 0.00000000, 3183.16540888, 3183.16540888 
1651232184, 7050.0000, 6.7740e-12, 1497.62222918, 0.00000000, 0.00000000, 451645.68194218, 451645.68194218 
1651232185, 6780.0000, 7.0920e-12, 1498.28310092, 0.00000000, 0.00000000, 14999.49872777, 14999.49872777 
1651232186, 6477.0000, 7.4280e-12, 1500.47535156, 0.00000000, 0.00000000, -25.32560237, -25.32560237 
1651232187, 6762.0000, 7.7580e-12, 1498.97889475, 0.00000000, 0.00000000, 24.57244363, 24.57244363 
1651232188, 7298.0000, 8.0900e-12, 1492.16323034, 0.00000000, 0.00000000, 30829.78545104, 30829.78545104 
1651232189, 6341.0000, 8.4140e-12, 1494.12085562, 0.00000000, 0.00000000, 670715.07311871, 670715.07311871 
1651232190, 8178.0000, 8.7120e-12, 1491.79752429, 12926417.74738002, 0.00000000, 456.21816873, 456.21816873 
1651232191, 8288.0000, 8.9540e-12, 1496.31809957, 0.00000000, 0.00000000, 29888.70055831, 29888.70055831 
1651232192, 8031.0000, 9.2160e-12, 1487.23986442, 0.00000000, 0.00000000, 846.86896528, 846.86896528 
1651232193, 6886.0000, 9.5060e-12, 1496.43633146, 0.00000000, 0.00000000, 4601.33379037, 4601.33379037 
1651232194, 7798.0000, 9.8160e-12, 1497.20338564, 0.00000000, 0.00000000, 627.60990401, 627.60990401 
1651232195, 6511.0000, 1.0128e-11, 1497.55398370, 0.00000000, 0.00000000, 190.18906673, 190.18906673 
1651232196, 6428.0000, 1.0404e-11, 1499.84453929, 0.00000000, 0.00000000, 3198.08672123, 3198.08672123 
1651232197, 7715.0000, 1.0724e-11, 1499.55239350, 0.00000000, 0.00000000, 3349.26552093, 3349.26552093 
1651232198, 9452.0000, 1.0936e-11, 1496.34335736, 80714935.18828920, 0.00000000, 276.01685757, 276.01685757 
1651232199, 10021.0000, 1.1204e-11, 1491.86164074, 0.00000000, 0.00000000, 13440475118.90213203, 13440475118.90213203 
1651232200, 10597.0000, 1.1462e-11, 1501.39974621, 0.00000000, 0.00000000, 5516.44977876, 5516.44977876 
1651232201, 6684.0000, 1.1784e-11, 1500.43675715, 0.00000000, 0.00000000, 1675181.31178209, 1675181.31178209 
1651232202, 6497.0000, 1.2096e-11, 1497.57131468, 205667129.92637926, 0.00000000, 438648.87158416, 438648.87158416 
1651232203, 6980.0000, 1.2428e-11, 1500.30055262, 0.00000000, 0.00000000, 130.93134818, 130.93134818 
1651232204, 6604.0000, 1.2772e-11, 1497.32539606, 0.00000000, 0.00000000, 637.68031860, 637.68031860 
1651232205, 7044.0000, 1.3100e-11, 1501.81293875, 0.00000000, 0.00000000, 1.96993303, 1.96993303 
1651232206, 6528.0000, 1.3430e-11, 1497.12669549, 103764468.97021200, 0.00000000, 7319.36889140, 7319.36889140 
1651232207, 7038.0000, 1.3770e-11, 1499.87804704, 0.00000000, 0.00000000, 140.38928337, 140.38928337 
1651232208, 9154.0000, 1.4074e-11, 1477.47337172, 0.00000000, 0.00000000, 3949.55860388, 3949.55860388 
1651232209, 7274.0000, 1.4412e-11, 1498.28458068, 225633557.65551150, 0.00000000, 2246.84479387, 2246.84479387 
1651232210, 6955.0000, 1.4744e-11, 1499.67965111, 42482474.41858920, 0.00000000, -14.13240555, -14.13240555 
1651232211, 10021.0000, 1.5076e-11, 1497.87398363, 23251324.98511426, 0.00000000, 404877.62908458, 404877.62908458 
1651232212, 6630.0000, 1.5412e-11, 1497.26691856, 0.00000000, 0.00000000, 191.13723391, 191.13723391 
1651232213, 6391.0000, 1.5752e-11, 1500.49887101, 62749676.50229389, 0.00000000, -1.59330125, -1.59330125 
1651232214, 7045.0000, 1.6090e-11, 1496.65285590, 215690842.11141407, 0.00000000, 4082.61573302, 4082.61573302 
1651232215, 6877.0000, 1.6422e-11, 1493.63918734, 0.00000000, 0.00000000, 459.25947078, 459.25947078 
1651232216, 6502.0000, 1.6746e-11, 1498.28989429, 0.00000000, 0.00000000, 236.63159155, 236.63159155 
1651232217, 7650.0000, 1.7078e-11, 1502.10956504, 23348517.73025437, 0.00000000, 43842.03577923, 43842.03577923 
1651232218, 6917.0000, 1.7414e-11, 1497.50117367, 0.00000000, 0.00000000, 369.25439586, 369.25439586 
1651232219, 7463.0000, 1.7746e-11, 1499.54988568, 0.00000000, 0.00000000, 96704310.33292094, 96704310.33292094 
1651232220, 6735.0000, 1.8068e-11, 1500.22924542, 0.00000000, 0.00000000, 88.72055870, 88.72055870 
1651232221, 7743.0000, 1.8404e-11, 1496.28104065, 55115270.73899241, 0.00000000, 2753.21275958, 2753.21275958 
1651232222, 8041.0000, 1.8736e-11, 1500.18318484, 0.00000000, 0.00000000, -27.62832454, -27.62832454 
1651232223, 8128.0000, 1.9028e-11, 1498.49030844, 86357740.88273926, 0.00000000, 145.14908794, 145.14908794 
1651232224, 7346.0000, 1.9362e-11, 1499.77153308, 137064946.79920706, 0.00000000, 71115.30933245, 71115.30933245 
1651232225, 10064.0000, 1.9698e-11, 1500.11764304, 0.00000000, 0.00000000, 7286.84467534, 7286.84467534 
1651232226, 6797.0000, 2.0028e-11, 1489.35805325, 0.00000000, 0.00000000, 513.55372258, 513.55372258 
1651232227, 7210.0000, 2.0356e-11, 1497.10917422, 0.00000000, 0.00000000, 88.31417399, 88.31417399 
1651232228, 7000.0000, 2.0678e-11, 1498.08447010, 83794204.85722648, 0.00000000, 11020.57122035, 11020.57122035 
1651232229, 6884.0000, 2.1006e-11, 1491.17128526, 0.00000000, 0.00000000, 315.07213406, 315.07213406 
1651232230, 7263.0000, 2.1328e-11, 1492.96141815, 213369876.92619547, 0.00000000, 149.94433339, 149.94433339 
1651232231, 6692.0000, 2.1662e-11, 1496.39910905, 109413064.72158642, 0.00000000, 2765.04465530, 2765.04465530 
1651232232, 6406.0000, 2.1992e-11, 1484.30778768, 84778414.76034874, 0.00000000, 328909.68213762, 328909.68213762 
1651232233, 9876.0000, 2.2320e-11, 1496.09444536, 73318214.47887713, 0.00000000, 57.01319016, 57.01319016 
1651232234, 6898.0000, 2.2638e-11, 1496.07593829, 0.00000000, 0.00000000, 675149.13112980, 675149.13112980 
1651232235, 8371.0000, 2.2970e-11, 1497.93130499, 26437248.76945984, 0.00000000, -27.65783827, -27.65783827 
1651232236, 6376.0000, 2.3300e-11, 1497.79649316, 0.00000000, 0.00000000, 9770.89594469, 9770.89594469 
1651232237, 6277.0000, 2.3626e-11, 1497.13769577, 0.00000000, 0.00000000, 1070.44798674, 1070.44798674 
1651232238, 8944.0000, 2.3942e-11, 1496.44400543, 0.00000000, 0.00000000, 78.38942600, 78.38942600 
1651232239, 6433.0000, 2.4274e-11, 1493.97559449, 0.00000000, 0.00000000, 27827.33680889, 27827.33680889 
1651232240, 6454.0000, 2.4600e-11, 1487.48560082, 0.00000000, 0.00000000, 25349904.51766491, 25349904.51766491 
1651232241, 6433.0000, 2.4934e-11, 1500.02249094, 0.00000000, 0.00000000, 25772.96146787, 25772.96146787 
1651232242, 6460.0000, 2.5272e-11, 1499.07532643, 0.00000000, 0.00000000, 37903.23816187, 37903.23816187 
1651232243, 6991.0000, 2.5610e-11, 1493.31615207, 153987766.57534397, 0.00000000, 284.38716212, 284.38716212 
1651232244, 6426.0000, 2.5940e-11, 1494.65311745, 0.00000000, 0.00000000, 694.93129943, 694.93129943 
1651232245, 6178.0000, 2.6272e-11, 1496.26298403, 83516855.27661675, 0.00000000, 107.71005426, 107.71005426 
1651232246, 6937.0000, 2.6606e-11, 1487.16554107, 59639870.43801931, 0.00000000, 640.13831820, 640.13831820 
1651232247, 9450.0000, 2.6934e-11, 1494.08121592, 0.00000000, 0.00000000, 171494.04078440, 171494.04078440 
1651232248, 7197.0000, 2.7262e-11, 1498.91273873, 0.00000000, 0.00000000, 14670.17636596, 14670.17636596 
1651232249, 6870.0000, 2.7598e-11, 1495.02298679, 0.00000000, 0.00000000, 174.38923642, 174.38923642 
1651232250, 7047.0000, 2.7924e-11, 1498.15100761, 0.00000000, 0.00000000, 169.44077072, 169.44077072 
1651232251, 7270.0000, 2.8256e-11, 1496.01669952, 0.00000000, 0.00000000, 788.21463125, 788.21463125 
1651232252, 6592.0000, 2.8572e-11, 1492.51221306, 0.00000000, 0.00000000, 6115.88694208, 6115.88694208 
1651232253, 6252.0000, 2.8906e-11, 1490.50483558, 0.00000000, 0.00000000, 468.35668697, 468.35668697 
1651232254, 7597.0000, 2.9238e-11, 1493.24108121, 0.00000000, 0.00000000, 1680.74230055, 1680.74230055 
1651232255, 6428.0000, 2.9566e-11, 1494.82244028, 0.00000000, 0.00000000, 53530.02457979, 53530.02457979 
1651232256, 7385.0000, 2.9882e-11, 1494.28786598, 0.00000000, 0.00000000, 344.33054282, 344.33054282 
1651232257, 6516.0000, 3.0210e-11, 1500.98448724, 0.00000000, 0.00000000, 312.65262935, 312.65262935 
1651232258, 6508.0000, 3.0530e-11, 1497.78864573, 156537964.68004981, 0.00000000, 60270.77729291, 60270.77729291 
1651232259, 6848.0000, 3.0856e-11, 1500.15220894, 0.00000000, 0.00000000, 30029.28770065, 30029.28770065 
1651232260, 7032.0000, 3.1168e-11, 1498.23858776, 42546847.99228378, 0.00000000, 616.69182096, 616.69182096 
1651232261, 6356.0000, 3.1504e-11, 1502.43616083, 0.00000000, 0.00000000, 261037.10311302, 261037.10311302 
1651232262, 6556.0000, 3.1834e-11, 1497.48190068, 0.00000000, 0.00000000, 286.78723963, 286.78723963 
1651232263, 6600.0000, 3.2160e-11, 1499.66899750, 0.00000000, 0.00000000, 145758.44102306, 145758.44102306 
1651232264, 6664.0000, 3.2492e-11, 1500.58515894, 0.00000000, 0.00000000, 5851.38927163, 5851.38927163 
1651232265, 8843.0000, 3.2818e-11, 1503.62499116, 0.00000000, 0.00000000, 987.02039119, 987.02039119 
1651232266, 7024.0000, 3.3136e-11, 1497.66336397, 0.00000000, 0.00000000, 9539.15354926, 9539.15354926 
1651232267, 6501.0000, 3.3442e-11, 1492.82626180, 96131531.55069052, 0.00000000, 639.53666431, 639.53666431 
1651232268, 6613.0000, 3.3770e-11, 1502.54391254, 0.00000000, 0.00000000, 27244.94084612, 27244.94084612 
1651232269, 6957.0000, 3.4098e-11, 1497.88458219, 0.00000000, 0.00000000, 512215.72191231, 512215.72191231 
1651232270, 9237.0000, 3.4426e-11, 1496.25528918, 0.00000000, 0.00000000, 578.75924921, 578.75924921 
1651232271, 8619.0000, 3.4762e-11, 1501.69842682, 0.00000000, 0.00000000, 738.06368661, 738.06368661 
1651232272, 7193.0000, 3.5066e-11, 1493.85005328, 0.00000000, 0.00000000, 1441.05915226, 1441.05915226 
1651232273, 9623.0000, 3.5384e-11, 1497.01041985, 58319686.64800210, 0.00000000, 645.58574334, 645.58574334 
1651232274, 6930.0000, 3.5706e-11, 1496.05783147, 0.00000000, 0.00000000, 1890.40265511, 1890.40265511 
1651232275, 9454.0000, 3.6044e-11, 1500.27522716, 0.00000000, 0.00000000, 443827.44261443, 443827.44261443 
1651232276, 6937.0000, 3.6372e-11, 1500.38543225, 0.00000000, 0.00000000, 442486.00690345, 442486.00690345 
1651232277, 6590.0000, 3.6692e-11, 1496.91119004, 56175644.04056486, 0.00000000, 2380605435299.34277344, 2380605435299.34277344 
1651232278, 10061.0000, 3.7032e-11, 1495.58799761, 0.00000000, 0.00000000, 505.97781991, 505.97781991 
1651232279, 6285.0000, 3.7374e-11, 1500.05786467, 0.00000000, 0.00000000, 1733.53949474, 1733.53949474 
1651232280, 8238.0000, 3.7706e-11, 1497.34427097, 0.00000000, 0.00000000, 2103.27806476, 2103.27806476 
1651232281, 9127.0000, 3.8044e-11, 1501.85785304, 28597751.23093427, 0.00000000, 651.83020915, 651.83020915 
1651232282, 7935.0000, 3.8346e-11, 1499.73952704, 0.00000000, 0.00000000, 162080.18791769, 162080.18791769 
1651232283, 6378.0000, 3.8664e-11, 1505.35657899, 0.00000000, 0.00000000, 2214893.85085931, 2214893.85085931 
1651232284, 7742.0000, 3.8960e-11, 1498.96259412, 0.00000000, 0.00000000, 183.77485687, 183.77485687 
1651232285, 6393.0000, 3.9276e-11, 1488.87242054, 0.00000000, 0.00000000, 123397.90846588, 123397.90846588 
1651232286, 6379.0000, 3.9610e-11, 1499.85391023, 0.00000000, 0.00000000, 1093.58171010, 1093.58171010 
1651232287, 6768.0000, 3.9932e-11, 1500.72085986, 0.00000000, 0.00000000, 253262.20718532, 253262.20718532 
1651232288, 7267.0000, 4.0266e-11, 1489.53747209, 0.00000000, 0.00000000, 95177.90395535, 95177.90395535 
1651232289, 6210.0000, 4.0600e-11, 1499.87281384, 0.00000000, 0.00000000, -27.38374301, -27.38374301 
1651232290, 6192.0000, 4.0920e-11, 1499.20714693, 0.00000000, 0.00000000, 357023.17949972, 357023.17949972 
1651232291, 6444.0000, 4.1246e-11, 1496.50762054, 0.00000000, 0.00000000, 208.86383143, 208.86383143 
1651232292, 6582.0000, 4.1572e-11, 1501.16016655, 0.00000000, 0.00000000, -33.71965201, -33.71965201 
1651232293, 7199.0000, 4.1902e-11, 1497.28304100, 0.00000000, 0.00000000, 5538.21898255, 5538.21898255 
1651232294, 7214.0000, 4.2220e-11, 1497.72242300, 122374304.73496298, 0.00000000, 17867.55364771, 17867.55364771 
1651232295, 6305.0000, 4.2552e-11, 1496.46127736, 0.00000000, 0.00000000, 1428038.01000938, 1428038.01000938 
1651232296, 6502.0000, 4.2894e-11, 1498.24363999, 0.00000000, 0.00000000, 264.34473657, 264.34473657 
1651232297, 6788.0000, 4.3232e-11, 1498.83820806, 55420159.08800334, 0.00000000, 237.23098602, 237.23098602 
1651232298, 6662.0000, 4.3564e-11, 1500.14732489, 0.00000000, 0.00000000, 744.32384109, 744.32384109 
1651232299, 6572.0000, 4.3898e-11, 1498.55215633, 0.00000000, 0.00000000, 2574.29308208, 2574.29308208 
1651232300, 6901.0000, 4.4242e-11, 1479.35318631, 55205270.34828724, 0.00000000, 1574.53513293, 1574.53513293 
1651232301, 6416.0000, 4.4574e-11, 1500.26095582, 0.00000000, 0.00000000, 122.84769119, 122.84769119 
1651232302, 6911.0000, 4.4914e-11, 1502.10971945, 0.00000000, 0.00000000, 38.89916484, 38.89916484 
1651232303, 7168.0000, 4.5256e-11, 1502.60448401, 0.00000000, 0.00000000, 899.28527316, 899.28527316 
1651232304, 6518.0000, 4.5586e-11, 1501.74253305, 0.00000000, 0.00000000, 188.79760597, 188.79760597 
1651232305, 6196.0000, 4.5912e-11, 1503.26039220, 0.00000000, 0.00000000, 2917223410.89859962, 2917223410.89859962 
1651232306, 7086.0000, 4.6246e-11, 1505.73644878, 0.00000000, 0.00000000, 5755480.76978608, 5755480.76978608 
1651232307, 7224.0000, 4.6580e-11, 1497.36688801, 0.00000000, 0.00000000, 767.64246675, 767.64246675 
1651232308, 6117.0000, 4.6886e-11, 1501.99760194, 0.00000000, 0.00000000, -37.78689063, -37.78689063 
1651232309, 6743.0000, 4.7210e-11, 1500.94127644, 0.00000000, 0.00000000, 32227.29496287, 32227.29496287 
1651232310, 6642.0000, 4.7536e-11, 1497.23254743, 0.00000000, 0.00000000, 517.81486301, 517.81486301 
1651232311, 6757.0000, 4.7876e-11, 1499.37371919, 0.00000000, 0.00000000, 137.95258835, 137.95258835 
1651232312, 6208.0000, 4.8202e-11, 1499.60684192, 0.00000000, 0.00000000, 8387970925257530.00000000, 8387970925257530.00000000 
1651232313, 6575.0000, 4.8536e-11, 1502.44313910, 77212329.81447043, 0.00000000, 2651.03114345, 2651.03114345 
1651232314, 6582.0000, 4.8868e-11, 1497.73139427, 104286472.59863357, 0.00000000, 5518.57708869, 5518.57708869 
1651232315, 6711.0000, 4.9192e-11, 1501.46788431, 73229523.45699503, 0.00000000, 10206.70980717, 10206.70980717 
1651232316, 7086.0000, 4.9500e-11, 1500.18061296, 75925350.81805646, 0.00000000, 144.67781077, 144.67781077 
1651232317, 6482.0000, 4.9832e-11, 1498.10351814, 0.00000000, 0.00000000, 3507.92155387, 3507.92155387 
1651232318, 6712.0000, 5.0160e-11, 1496.79645055, 90843403.33202137, 0.00000000, 269.03619778, 269.03619778 
1651232319, 6763.0000, 5.0482e-11, 1498.74486815, 0.00000000, 0.00000000, 490673.28449798, 490673.28449798 
1651232320, 6941.0000, 5.0808e-11, 1500.48347066, 94015312.59746568, 0.00000000, 501.83330384, 501.83330384 
1651232321, 6568.0000, 5.1134e-11, 1503.34994789, 0.00000000, 0.00000000, 42059.98475438, 42059.98475438 
1651232322, 6427.0000, 5.1450e-11, 1500.29373562, 0.00000000, 0.00000000, 403130.64450795, 403130.64450795 
1651232323, 8053.0000, 5.1728e-11, 1504.56959692, 69203832.65153378, 0.00000000, 10864.62584800, 10864.62584800 
1651232324, 8264.0000, 5.2074e-11, 1500.37701297, 0.00000000, 0.00000000, 337.82403789, 337.82403789 
1651232325, 8619.0000, 5.2378e-11, 1502.51805314, 0.00000000, 0.00000000, 892.10825377, 892.10825377 
1651232326, 7028.0000, 5.2680e-11, 1511.29480352, 0.00000000, 0.00000000, 67.11948066, 67.11948066 
1651232327, 6401.0000, 5.2984e-11, 1509.82775508, 0.00000000, 0.00000000, 1016.24923755, 1016.24923755 
1651232328, 6634.0000, 5.3316e-11, 1509.31014263, 0.00000000, 0.00000000, 213.69948479, 213.69948479 
1651232329, 6951.0000, 5.3650e-11, 1511.66296623, 0.00000000, 0.00000000, 24580871.48024818, 24580871.48024818 
1651232330, 6713.0000, 5.3978e-11, 1504.32572925, 33972405.08078460, 0.00000000, 3405.87153447, 3405.87153447 
1651232331, 6303.0000, 5.4318e-11, 1512.16156271, 300916512.79861498, 0.00000000, -40.59692355, -40.59692355 
1651232332, 6567.0000, 5.4660e-11, 1513.39049136, 0.00000000, 0.00000000, -16.11920232, -16.11920232 
1651232333, 6270.0000, 5.5006e-11, 1511.47727808, 0.00000000, 0.00000000, 542.09182015, 542.09182015 
1651232334, 6977.0000, 5.5342e-11, 1512.41683453, 0.00000000, 0.00000000, 860.20795333, 860.20795333 
1651232335, 6956.0000, 5.5678e-11, 1509.66083692, 97127435.17281306, 0.00000000, 419481.10260688, 419481.10260688 
1651232336, 9657.0000, 5.6052e-11, 1509.80961234, 0.00000000, 0.00000000, 497621.22233246, 497621.22233246 
1651232337, 6862.0000, 5.6298e-11, 1506.13953938, 0.00000000, 0.00000000, 174.61344293, 174.61344293 
1651232338, 9829.0000, 5.6546e-11, 1502.40189251, 0.00000000, 0.00000000, 1610.51511338, 1610.51511338 
1651232339, 5561.0000, 5.6924e-11, 1502.54344091, 0.00000000, 0.00000000, 471.08151599, 471.08151599 
1651232340, 9353.0000, 5.7248e-11, 1507.90164577, 63372376.47946314, 0.00000000, 250.84814897, 250.84814897 
1651232341, 6287.0000, 5.7574e-11, 1509.83295199, 0.00000000, 0.00000000, 2967.32854853, 2967.32854853 
1651232342, 8817.0000, 5.7784e-11, 1509.40952496, 0.00000000, 0.00000000, 49.90970274, 49.90970274 
1651232343, 9524.0000, 5.8068e-11, 1505.77371237, 0.00000000, 0.00000000, 286.55204778, 286.55204778 
1651232344, 6540.0000, 5.8402e-11, 1510.42292533, 0.00000000, 0.00000000, 4844.29955685, 4844.29955685 
1651232345, 5754.0000, 5.8790e-11, 1510.52631607, 90696438.29768859, 0.00000000, 1400.72463178, 1400.72463178 
1651232346, 5887.0000, 5.9180e-11, 1510.16272669, 127322756.94724943, 0.00000000, 364.87709461, 364.87709461 
1651232347, 5995.0000, 5.9548e-11, 1513.29580458, 0.00000000, 0.00000000, 302.53397996, 302.53397996 
1651232348, 6377.0000, 5.9892e-11, 1512.83890372, 0.00000000, 0.00000000, 74.90138141, 74.90138141 
1651232349, 5749.0000, 6.0260e-11, 1515.26376341, 122071851.06571205, 0.00000000, -52.95261462, -52.95261462 
1651232350, 5998.0000, 6.0656e-11, 1508.85787416, 107753543.03654358, 0.00000000, 2026.22873370, 2026.22873370 
1651232351, 6625.0000, 6.1024e-11, 1514.35204445, 0.00000000, 0.00000000, -31.20771254, -31.20771254 
1651232352, 6348.0000, 6.1236e-11, 1513.99098768, 0.00000000, 0.00000000, 63461.67952304, 63461.67952304 
1651232353, 5948.0000, 6.1616e-11, 1512.38727126, 0.00000000, 0.00000000, 13171.96733934, 13171.96733934 
1651232354, 5413.0000, 6.2004e-11, 1506.66435552, 0.00000000, 0.00000000, 3425.89637691, 3425.89637691 
1651232355, 6100.0000, 6.2374e-11, 1513.15437944, 0.00000000, 0.00000000, 67656767.76394954, 67656767.76394954 
1651232356, 6084.0000, 6.2768e-11, 1513.16416628, 0.00000000, 0.00000000, 268752.23839846, 268752.23839846 
1651232357, 5826.0000, 6.3156e-11, 1509.49878350, 0.00000000, 0.00000000, 16829.86196600, 16829.86196600 
1651232358, 6388.0000, 6.3532e-11, 1514.86029001, 0.00000000, 0.00000000, 119776.74472729, 119776.74472729 
1651232359, 5775.0000, 6.3914e-11, 1511.66951699, 0.00000000, 0.00000000, 228.39718548, 228.39718548 
1651232360, 5922.0000, 6.4304e-11, 1509.33669648, 95384711.47861528, 0.00000000, 306.72084392, 306.72084392 
1651232361, 5883.0000, 6.4690e-11, 1509.45658899, 0.00000000, 0.00000000, 12047.81896972, 12047.81896972 
1651232362, 5844.0000, 6.4926e-11, 1514.69787427, 0.00000000, 0.00000000, -17.03452669, -17.03452669 
1651232363, 10915.0000, 6.5266e-11, 1512.17452055, 0.00000000, 0.00000000, 4640.28146931, 4640.28146931 
1651232364, 10200.0000, 6.5382e-11, 1513.46593951, 0.00000000, 0.00000000, 534.48730988, 534.48730988 
1651232365, 5530.0000, 6.5632e-11, 1511.83676705, 61111466.14582221, 0.00000000, 136.87623052, 136.87623052 
1651232366, 5588.0000, 6.5966e-11, 1515.99185802, 0.00000000, 0.00000000, 43974304.94951015, 43974304.94951015 
1651232367, 6000.0000, 6.6352e-11, 1512.41729828, 0.00000000, 0.00000000, 1590.22285475, 1590.22285475 
1651232368, 6026.0000, 6.6746e-11, 1511.38010696, 0.00000000, 0.00000000, 5.71153382, 5.71153382 
1651232369, 6614.0000, 6.7132e-11, 1512.20900466, 0.00000000, 0.00000000, -34.48378179, -34.48378179 
1651232370, 7720.0000, 6.7500e-11, 1508.39392823, 0.00000000, 0.00000000, 205558.22833424, 205558.22833424 
1651232371, 6267.0000, 6.7866e-11, 1506.89548758, 0.00000000, 0.00000000, 192.70339989, 192.70339989 
1651232372, 6613.0000, 6.8234e-11, 1512.45995158, 91317143.71575265, 0.00000000, 10.99922749, 10.99922749 
1651232373, 6439.0000, 6.8552e-11, 1512.53589785, 17449882.29754001, 0.00000000, 96399.99736040, 96399.99736040 
1651232374, 5585.0000, 6.8882e-11, 1512.42002579, 0.00000000, 0.00000000, 1112.72354377, 1112.72354377 
1651232375, 5959.0000, 6.9250e-11, 1513.60858344, 0.00000000, 0.00000000, 87690393.02611662, 87690393.02611662 
1651232376, 5828.0000, 6.9634e-11, 1509.21442669, 0.00000000, 0.00000000, 717.47100027, 717.47100027 
1651232377, 6331.0000, 6.9984e-11, 1507.15045237, 0.00000000, 0.00000000, 4620.79284212, 4620.79284212 
1651232378, 5250.0000, 7.0348e-11, 1508.01461871, 0.00000000, 0.00000000, 231.79830566, 231.79830566 
1651232379, 5981.0000, 7.0724e-11, 1499.45862837, 0.00000000, 0.00000000, 216222.30685243, 216222.30685243 
1651232380, 7182.0000, 7.1070e-11, 1507.12464449, 0.00000000, 0.00000000, 290.06988250, 290.06988250 
1651232381, 5771.0000, 7.1408e-11, 1507.99144446, 0.00000000, 0.00000000, 1021092.77843061, 1021092.77843061 
1651232382, 6393.0000, 7.1762e-11, 1512.29361466, 119857145.64917035, 0.00000000, 7284.73028222, 7284.73028222 
1651232383, 6638.0000, 7.2132e-11, 1511.02644448, 0.00000000, 0.00000000, 11097157.75739826, 11097157.75739826 
1651232384, 5839.0000, 7.2476e-11, 1509.88336862, 0.00000000, 0.00000000, 255.80080100, 255.80080100 
1651232385, 8188.0000, 7.2834e-11, 1512.49547861, 137050354.90972894, 0.00000000, -21.35669594, -21.35669594 
1651232386, 9071.0000, 7.3060e-11, 1512.34093811, 0.00000000, 0.00000000, 626425876.49840689, 626425876.49840689 
1651232387, 7698.0000, 7.3334e-11, 1511.64401628, 0.00000000, 0.00000000, 2907.25280813, 2907.25280813 
1651232388, 6923.0000, 7.3606e-11, 1505.85129506, 0.00000000, 0.00000000, 66454.91231117, 66454.91231117 
1651232389, 5636.0000, 7.3970e-11, 1512.79858025, 0.00000000, 0.00000000, 88538.82187044, 88538.82187044 
1651232390, 5878.0000, 7.4366e-11, 1514.06564010, 65111386.99416035, 0.00000000, 58777.18102596, 58777.18102596 
1651232391, 5686.0000, 7.4728e-11, 1514.60203074, 0.00000000, 0.00000000, 23796.17860066, 23796.17860066 
1651232392, 5732.0000, 7.5120e-11, 1514.05557495, 106181402.12395369, 0.00000000, 1511.01005906, 1511.01005906 
1651232393, 5673.0000, 7.5500e-11, 1515.64179487, 29661002.94098287, 0.00000000, 33.23918050, 33.23918050 
1651232394, 6932.0000, 7.5882e-11, 1515.87043061, 0.00000000, 0.00000000, 37.88830022, 37.88830022 
1651232395, 5728.0000, 7.6246e-11, 1518.13859016, 0.00000000, 0.00000000, 29.90115517, 29.90115517 
1651232396, 5715.0000, 7.6598e-11, 1505.69248493, 10446455.26377369, 0.00000000, 4620505697.78025627, 4620505697.78025627 
1651232397, 6025.0000, 7.6954e-11, 1518.31175318, 0.00000000, 0.00000000, 39.39561763, 39.39561763 
1651232398, 6635.0000, 7.7296e-11, 1516.81850275, 0.00000000, 0.00000000, 601005.46396872, 601005.46396872 
1651232399, 5884.0000, 7.7660e-11, 1515.95054541, 84301898.49732332, 0.00000000, 34519228.08617021, 34519228.08617021 
1651232400, 6548.0000, 7.8034e-11, 1516.54262249, 108085446.68926916, 0.00000000, 1436.73160861, 1436.73160861 
1651232401, 6064.0000, 7.8410e-11, 1521.26506989, 0.00000000, 0.00000000, 7654.04175937, 7654.04175937 
1651232402, 6002.0000, 7.8746e-11, 1522.83562216, 0.00000000, 0.00000000, 4768.78698165, 4768.78698165 
1651232403, 5894.0000, 7.9122e-11, 1521.56261571, 0.00000000, 0.00000000, 1031183.96412737, 1031183.96412737 
1651232404, 5795.0000, 7.9508e-11, 1520.84526517, 0.00000000, 0.00000000, 49.47487836, 49.47487836 
1651232405, 6575.0000, 7.9848e-11, 1524.52736686, 180157878.54061651, 0.00000000, 64.99746369, 64.99746369 
1651232406, 5986.0000, 8.0196e-11, 1515.85333651, 0.00000000, 0.00000000, 16473.99268062, 16473.99268062 
1651232407, 5521.0000, 8.0574e-11, 1511.51466698, 73992205.78878292, 0.00000000, 782.57594375, 782.57594375 
1651232408, 6274.0000, 8.0954e-11, 1520.09875199, 23440533.15291423, 0.00000000, 25.02114596, 25.02114596 
1651232409, 6897.0000, 8.1286e-11, 1518.97008285, 90534313.32363586, 0.00000000, 270.98455075, 270.98455075 
1651232410, 6143.0000, 8.1644e-11, 1523.50437016, 0.00000000, 0.00000000, 1050.43155507, 1050.43155507 
1651232411, 6194.0000, 8.2006e-11, 1523.43764543, 66430932.57423075, 0.00000000, 8.04444059, 8.04444059 
1651232412, 5930.0000, 8.2376e-11, 1522.31664831, 0.00000000, 0.00000000, 373.23273013, 373.23273013 
1651232413, 5709.0000, 8.2710e-11, 1523.72776095, 74568580.99705146, 0.00000000, 54685.15809001, 54685.15809001 
1651232414, 5783.0000, 8.3062e-11, 1505.26018698, 0.00000000, 0.00000000, 1239.52134660, 1239.52134660 
1651232415, 5962.0000, 8.3446e-11, 1526.08476554, 92806063.28846076, 0.00000000, 4768822.97353053, 4768822.97353053 
1651232416, 6967.0000, 8.3800e-11, 1517.01548175, 0.00000000, 0.00000000, 17365.10086049, 17365.10086049 
1651232417, 6430.0000, 8.4186e-11, 1524.48994593, 0.00000000, 0.00000000, 253.54896379, 253.54896379 
1651232418, 6300.0000, 8.4558e-11, 1525.44496453, 149322268.81989706, 0.00000000, 5551.78441881, 5551.78441881 
1651232419, 6108.0000, 8.4914e-11, 1526.81436103, 0.00000000, 0.00000000, 72.47957261, 72.47957261 
1651232420, 6023.0000, 8.5280e-11, 1522.55428192, 0.00000000, 0.00000000, 564.93996822, 564.93996822 
1651232421, 5778.0000, 8.5642e-11, 1521.77100195, 0.00000000, 0.00000000, 407612.93972831, 407612.93972831 
1651232422, 5999.0000, 8.6028e-11, 1526.35884702, 148036045.91553169, 0.00000000, 8170609134.69171047, 8170609134.69171047 
1651232423, 5532.0000, 8.6386e-11, 1525.63117895, 0.00000000, 0.00000000, 1266.15342194, 1266.15342194 
1651232424, 5867.0000, 8.6776e-11, 1527.64362104, 0.00000000, 0.00000000, 1362.45094602, 1362.45094602 
1651232425, 6308.0000, 8.7164e-11, 1522.04895608, 0.00000000, 0.00000000, 342.07391328, 342.07391328 
1651232426, 6394.0000, 8.7550e-11, 1528.27057618, 0.00000000, 0.00000000, 625.20309730, 625.20309730 
1651232427, 5950.0000, 8.7908e-11, 1530.10456706, 17410637.90866987, 0.00000000, 737.33173413, 737.33173413 
1651232428, 5926.0000, 8.8294e-11, 1543.98213706, 67490293.82047594, 0.00000000, -23.82166201, -23.82166201 
1651232429, 5887.0000, 8.8680e-11, 1534.70238564, 0.00000000, 0.00000000, 495.55408615, 495.55408615 
1651232430, 6082.0000, 8.9044e-11, 1532.09561553, 0.00000000, 0.00000000, 14899.27310059, 14899.27310059 
1651232431, 5764.0000, 8.9432e-11, 1532.46491079, 0.00000000, 0.00000000, 798258.72203067, 798258.72203067 
1651232432, 5719.0000, 8.9818e-11, 1527.98784618, 0.00000000, 0.00000000, 45082.87557075, 45082.87557075 
1651232433, 6556.0000, 9.0194e-11, 1538.91760305, 0.00000000, 0.00000000, 22.81629590, 22.81629590 
1651232434, 6286.0000, 9.0562e-11, 1521.98057652, 0.00000000, 0.00000000, 48603006.88072459, 48603006.88072459 
1651232435, 6435.0000, 9.0914e-11, 1536.16805738, 0.00000000, 0.00000000, 350.44756927, 350.44756927 
1651232436, 6162.0000, 9.1304e-11, 1537.90712922, 0.00000000, 0.00000000, 1970125881.55783534, 1970125881.55783534 
1651232437, 6338.0000, 9.1664e-11, 1535.81720792, 69342519.10630210, 0.00000000, 353.97267365, 353.97267365 
1651232438, 5738.0000, 9.2050e-11, 1537.61987191, 0.00000000, 0.00000000, 323.88074216, 323.88074216 
1651232439, 5505.0000, 9.2438e-11, 1533.01325233, 59683118.14138605, 0.00000000, 4471096.77160909, 4471096.77160909 
1651232440, 5414.0000, 9.2824e-11, 1537.23780495, 58936583.19088305, 0.00000000, 21.25561988, 21.25561988 
1651232441, 5604.0000, 9.3180e-11, 1534.56699783, 0.00000000, 0.00000000, 6925.87333335, 6925.87333335 
1651232442, 5544.0000, 9.3564e-11, 1535.54187896, 0.00000000, 0.00000000, 44690.14125849, 44690.14125849 
1651232443, 6093.0000, 9.3954e-11, 1537.83236178, 0.00000000, 0.00000000, 108.52109017, 108.52109017 
1651232444, 5551.0000, 9.4304e-11, 1535.37384646, 101754351.59758879, 0.00000000, 179.09975954, 179.09975954 
1651232445, 6467.0000, 9.4694e-11, 1537.24795588, 0.00000000, 0.00000000, 1553.34110723, 1553.34110723 
1651232446, 6487.0000, 9.5080e-11, 1538.63163375, 109411672.50742304, 0.00000000, 24027.00672864, 24027.00672864 
1651232447, 6316.0000, 9.5440e-11, 1537.09485286, 48201126.87693986, 0.00000000, 7447.95584849, 7447.95584849 
1651232448, 7553.0000, 9.5754e-11, 1535.55704098, 0.00000000, 0.00000000, 5781.92116439, 5781.92116439 
1651232449, 6054.0000, 9.6144e-11, 1538.03868502, 129416683.37628682, 0.00000000, 228.12294111, 228.12294111 
1651232450, 5874.0000, 9.6536e-11, 1540.93336435, 0.00000000, 0.00000000, 102.83120577, 102.83120577 
1651232451, 5655.0000, 9.6900e-11, 1535.90473171, 0.00000000, 0.00000000, 1188.84526003, 1188.84526003 
1651232452, 5596.0000, 9.7290e-11, 1538.93628654, 44256203.14184153, 0.00000000, 2800.72804411, 2800.72804411 
1651232453, 5882.0000, 9.7682e-11, 1538.58946277, 0.00000000, 0.00000000, 8654.25599612, 8654.25599612 
1651232454, 6936.0000, 9.8072e-11, 1540.95068901, 113852595.37054583, 0.00000000, 33929.67420458, 33929.67420458 
1651232455, 6228.0000, 9.8448e-11, 1535.25705353, 0.00000000, 0.00000000, 55095983.41167625, 55095983.41167625 
1651232456, 7424.0000, 9.8832e-11, 1538.15168070, 52756724.73775411, 0.00000000, 153859.06885544, 153859.06885544 
1651232457, 6764.0000, 9.9194e-11, 1542.80233876, 0.00000000, 0.00000000, 1471.19902948, 1471.19902948 
1651232458, 6997.0000, 9.9556e-11, 1540.99547861, 0.00000000, 0.00000000, 158.26348010, 158.26348010 
1651232459, 6752.0000, 9.9926e-11, 1541.46744963, 0.00000000, 0.00000000, 4366.03731646, 4366.03731646 
